data=np.array([
    [30000, 12220.700000, 99.995667],
    [35000, 26134.500000, 99.996286],
    [40000, 41812.300000, 99.994000],
    [45000, 58578.700000, 99.997778],
    [50000, 77133.200000, 99.996000],
    [55000, 97386.900000, 99.994545],
    [60000, 119561.000000, 99.995000],
    [65000, 143143.000000, 99.995385],
    [70000, 168333.000000, 99.995714],
    [75000, 193091.000000, 99.996000],
    [80000, 218383.000000, 99.995000],
    [85000, 244923.000000, 99.995294],
    [90000, 273671.000000, 99.995556],
    [95000, 303928.000000, 99.995789],
    [100000, 335689.000000, 99.995000],
])
