data=np.array([
    [30000, 11511.600000, 100.000000],
    [35000, 24355.500000, 100.000000],
    [40000, 38674.900000, 100.000000],
    [45000, 54335.500000, 100.000000],
    [50000, 72073.400000, 100.000000],
    [55000, 91529.600000, 100.000000],
    [60000, 112300.000000, 100.000000],
    [65000, 134802.000000, 100.000000],
    [70000, 158994.000000, 100.000000],
    [75000, 184766.000000, 100.000000],
    [80000, 214093.000000, 100.000000],
    [85000, 248065.000000, 100.000000],
    [90000, 282624.000000, 100.000000],
    [95000, 319668.000000, 100.000000],
    [100000, 359542.000000, 100.000000],
])
